[[6.28543, 2.60936, 3.1547, 0.0337],
[6.17889, 2.6202, 3.3457, 0.03201],
[6.07139, 2.62843, 3.56973, 0.0302],
[5.96309, 2.63432, 3.83404, 0.02829],
[5.85413, 2.63815, 4.0, 0.02726],
[5.74464, 2.64019, 4.0, 0.02738],
[5.63476, 2.64073, 4.0, 0.02747],
[5.5246, 2.64008, 4.0, 0.02754],
[5.41435, 2.63852, 4.0, 0.02757],
[5.30436, 2.63771, 4.0, 0.0275],
[5.19452, 2.63759, 4.0, 0.02746],
[5.08481, 2.63809, 4.0, 0.02743],
[4.97521, 2.63915, 4.0, 0.0274],
[4.86572, 2.64069, 4.0, 0.02738],
[4.75632, 2.64267, 4.0, 0.02735],
[4.64701, 2.64502, 4.0, 0.02734],
[4.53774, 2.64762, 4.0, 0.02732],
[4.42851, 2.65034, 4.0, 0.02732],
[4.3193, 2.65318, 4.0, 0.02731],
[4.21011, 2.65611, 4.0, 0.02731],
[4.10095, 2.65915, 4.0, 0.0273],
[3.9918, 2.66227, 4.0, 0.0273],
[3.88267, 2.66549, 4.0, 0.02729],
[3.77357, 2.66879, 4.0, 0.02729],
[3.66448, 2.6722, 4.0, 0.02728],
[3.55511, 2.67557, 3.58707, 0.0305],
[3.44552, 2.67813, 3.12344, 0.0351],
[3.33555, 2.67905, 2.8082, 0.03916],
[3.22517, 2.67751, 2.57594, 0.04286],
[3.11452, 2.6727, 2.39458, 0.04625],
[3.004, 2.66384, 2.2481, 0.04932],
[2.8942, 2.65021, 2.12613, 0.05204],
[2.78589, 2.63123, 2.02114, 0.0544],
[2.67999, 2.60645, 1.93016, 0.05635],
[2.57741, 2.57561, 1.85092, 0.05787],
[2.47904, 2.53862, 1.78175, 0.05899],
[2.38566, 2.49553, 1.71816, 0.05985],
[2.29797, 2.44653, 1.66006, 0.06052],
[2.21653, 2.39189, 1.60779, 0.06099],
[2.14189, 2.33197, 1.56164, 0.0613],
[2.07449, 2.26716, 1.52198, 0.06143],
[2.01477, 2.19793, 1.48913, 0.0614],
[1.9631, 2.12481, 1.46325, 0.06119],
[1.91978, 2.04836, 1.44436, 0.06083],
[1.88508, 1.96921, 1.43243, 0.06033],
[1.85918, 1.88801, 1.42742, 0.05971],
[1.84219, 1.80542, 1.42742, 0.05907],
[1.83414, 1.72215, 1.42742, 0.05861],
[1.83501, 1.63886, 1.42931, 0.05827],
[1.84468, 1.55623, 1.43809, 0.05785],
[1.86298, 1.47489, 1.45377, 0.05735],
[1.88969, 1.39545, 1.4764, 0.05677],
[1.92453, 1.31846, 1.50608, 0.05611],
[1.96716, 1.24442, 1.54297, 0.05537],
[2.01723, 1.17377, 1.58735, 0.05455],
[2.07432, 1.1069, 1.63966, 0.05363],
[2.13803, 1.04411, 1.70054, 0.0526],
[2.20789, 0.98563, 1.77099, 0.05144],
[2.28345, 0.93162, 1.8525, 0.05014],
[2.36423, 0.88216, 1.94729, 0.04864],
[2.44974, 0.83724, 2.05873, 0.04692],
[2.53948, 0.79675, 2.19197, 0.04492],
[2.63297, 0.7605, 2.3551, 0.04258],
[2.72969, 0.72817, 2.56163, 0.03981],
[2.82914, 0.69939, 2.83759, 0.03649],
[2.93081, 0.67364, 3.22216, 0.03255],
[3.03419, 0.65034, 3.81026, 0.02781],
[3.13879, 0.62886, 4.0, 0.0267],
[3.24413, 0.6085, 4.0, 0.02682],
[3.34985, 0.58762, 4.0, 0.02694],
[3.4552, 0.566, 4.0, 0.02689],
[3.56002, 0.54332, 3.71464, 0.02887],
[3.66414, 0.51927, 3.47018, 0.03079],
[3.7674, 0.49355, 3.27097, 0.03253],
[3.86962, 0.46591, 3.10819, 0.03407],
[3.97066, 0.4361, 2.97323, 0.03543],
[4.07035, 0.40389, 2.86041, 0.03663],
[4.16853, 0.36909, 2.75719, 0.03778],
[4.26502, 0.33153, 2.65921, 0.03894],
[4.35965, 0.29107, 2.56969, 0.04005],
[4.45225, 0.24756, 2.48366, 0.04119],
[4.54262, 0.20089, 2.40262, 0.04233],
[4.63052, 0.15094, 2.32329, 0.04352],
[4.71571, 0.09762, 2.24766, 0.04472],
[4.79793, 0.04083, 2.17407, 0.04596],
[4.87687, -0.0195, 2.10337, 0.04723],
[4.9522, -0.0834, 2.03499, 0.04854],
[5.02354, -0.15091, 1.96824, 0.0499],
[5.09049, -0.22202, 1.90397, 0.0513],
[5.15264, -0.29669, 1.84215, 0.05274],
[5.20951, -0.37485, 1.77992, 0.05431],
[5.26062, -0.45644, 1.77992, 0.05409],
[5.30548, -0.54136, 1.77992, 0.05396],
[5.34351, -0.6296, 2.59066, 0.03709],
[5.37829, -0.71935, 2.76302, 0.03484],
[5.41018, -0.81042, 2.97454, 0.03244],
[5.43954, -0.90261, 3.23599, 0.0299],
[5.46676, -0.99576, 3.57446, 0.02715],
[5.49221, -1.0897, 4.0, 0.02433],
[5.51625, -1.18425, 3.02882, 0.03221],
[5.53893, -1.27786, 2.50213, 0.0385],
[5.56284, -1.37058, 2.17528, 0.04402],
[5.58897, -1.46164, 1.94928, 0.0486],
[5.61822, -1.55034, 1.78073, 0.05245],
[5.65138, -1.63597, 1.64784, 0.05573],
[5.68913, -1.71788, 1.53589, 0.05872],
[5.73201, -1.79542, 1.44211, 0.06144],
[5.78049, -1.8679, 1.3, 0.06708],
[5.83496, -1.93455, 1.3, 0.06622],
[5.89574, -1.99447, 1.3, 0.06565],
[5.96362, -2.04575, 1.33603, 0.06367],
[6.03758, -2.08835, 1.37302, 0.06216],
[6.11676, -2.12222, 1.41042, 0.06106],
[6.20038, -2.14724, 1.44938, 0.06022],
[6.28767, -2.16326, 1.48973, 0.05958],
[6.37786, -2.17016, 1.53175, 0.05905],
[6.47008, -2.16786, 1.57516, 0.05856],
[6.56342, -2.15634, 1.62024, 0.05805],
[6.65693, -2.13574, 1.66701, 0.05744],
[6.74965, -2.10631, 1.71508, 0.05672],
[6.84066, -2.06848, 1.76415, 0.05587],
[6.92913, -2.02277, 1.81587, 0.05484],
[7.01438, -1.96982, 1.86715, 0.05375],
[7.09585, -1.9103, 1.92071, 0.05253],
[7.17314, -1.84489, 1.97767, 0.0512],
[7.24602, -1.77425, 2.03842, 0.04979],
[7.31435, -1.69902, 2.10341, 0.04832],
[7.37813, -1.61976, 2.17319, 0.04681],
[7.43741, -1.53697, 2.24863, 0.04528],
[7.49233, -1.4511, 2.33079, 0.04373],
[7.54306, -1.36252, 2.42087, 0.04216],
[7.5898, -1.27157, 2.52199, 0.04055],
[7.63279, -1.17853, 2.63646, 0.03887],
[7.67228, -1.08366, 2.7662, 0.03715],
[7.70853, -0.98716, 2.9171, 0.03534],
[7.74183, -0.88924, 3.09045, 0.03347],
[7.77247, -0.79004, 3.29253, 0.03153],
[7.80073, -0.68971, 3.53292, 0.0295],
[7.82691, -0.58835, 3.82646, 0.02736],
[7.85131, -0.48605, 4.0, 0.02629],
[7.87422, -0.3829, 4.0, 0.02642],
[7.89595, -0.27894, 4.0, 0.02655],
[7.91679, -0.17424, 4.0, 0.02669],
[7.93705, -0.06891, 4.0, 0.02682],
[7.95703, 0.03704, 4.0, 0.02695],
[7.9765, 0.14243, 4.0, 0.02679],
[7.99498, 0.24717, 3.6342, 0.02927],
[8.01202, 0.35124, 3.30525, 0.03191],
[8.02722, 0.45465, 3.048, 0.03429],
[8.04018, 0.55741, 2.83794, 0.0365],
[8.05051, 0.65954, 2.66354, 0.03854],
[8.05786, 0.76102, 2.51707, 0.04042],
[8.06184, 0.86182, 2.3826, 0.04234],
[8.0621, 0.96187, 2.26323, 0.04421],
[8.05829, 1.06107, 2.15665, 0.04603],
[8.05005, 1.15931, 1.76852, 0.05574],
[8.037, 1.25642, 1.76852, 0.0554],
[8.01874, 1.35218, 1.76852, 0.05512],
[7.99295, 1.44564, 1.80892, 0.0536],
[7.96017, 1.53648, 1.84817, 0.05225],
[7.92092, 1.62443, 1.88777, 0.05102],
[7.87566, 1.70926, 1.92665, 0.0499],
[7.82483, 1.79079, 1.96459, 0.0489],
[7.76882, 1.86886, 2.00305, 0.04797],
[7.70799, 1.94336, 2.03989, 0.04715],
[7.64268, 2.01419, 2.07552, 0.04642],
[7.57317, 2.08126, 2.11125, 0.04575],
[7.49975, 2.1445, 2.14729, 0.04513],
[7.42267, 2.20387, 2.18168, 0.0446],
[7.34214, 2.2593, 2.21443, 0.04415],
[7.25838, 2.31075, 2.25196, 0.04365],
[7.1716, 2.35819, 2.28835, 0.04322],
[7.08196, 2.40159, 2.32687, 0.0428],
[6.98966, 2.44093, 2.37702, 0.04221],
[6.89488, 2.47622, 2.4397, 0.04146],
[6.79782, 2.50753, 2.51931, 0.04048],
[6.69868, 2.53496, 2.60995, 0.03941],
[6.59768, 2.55867, 2.72215, 0.03811],
[6.49501, 2.57883, 2.84391, 0.03679],
[6.39086, 2.59565, 2.99212, 0.03526]]