[[-2.42974, -4.63937, 4.0, 0.07493],
[-2.12962, -4.62752, 4.0, 0.07509],
[-1.82936, -4.61888, 4.0, 0.0751],
[-1.52897, -4.61308, 4.0, 0.07511],
[-1.22847, -4.60977, 4.0, 0.07513],
[-0.92788, -4.60857, 4.0, 0.07515],
[-0.62721, -4.60914, 4.0, 0.07517],
[-0.32648, -4.61112, 4.0, 0.07518],
[-0.02571, -4.61415, 4.0, 0.0752],
[0.27509, -4.61789, 4.0, 0.07521],
[0.5759, -4.62198, 4.0, 0.07521],
[0.87672, -4.62637, 4.0, 0.07521],
[1.17755, -4.63106, 4.0, 0.07522],
[1.47839, -4.63598, 4.0, 0.07522],
[1.77924, -4.64114, 4.0, 0.07522],
[2.0801, -4.64653, 4.0, 0.07523],
[2.38096, -4.65216, 4.0, 0.07523],
[2.68182, -4.65804, 4.0, 0.07523],
[2.98268, -4.66415, 4.0, 0.07523],
[3.28354, -4.67051, 4.0, 0.07523],
[3.5844, -4.67711, 4.0, 0.07523],
[3.88524, -4.68396, 4.0, 0.07523],
[4.18607, -4.69096, 4.0, 0.07523],
[4.48687, -4.69822, 4.0, 0.07522],
[4.78743, -4.70558, 4.0, 0.07516],
[5.08787, -4.71264, 4.0, 0.07513],
[5.38809, -4.71928, 4.0, 0.07507],
[5.68771, -4.72506, 4.0, 0.07492],
[5.98406, -4.72927, 3.5996, 0.08234],
[6.266, -4.72871, 3.16659, 0.08904],
[6.53326, -4.72124, 2.85815, 0.09355],
[6.7891, -4.7051, 2.623, 0.09773],
[7.03652, -4.67863, 2.43675, 0.10211],
[7.27763, -4.64001, 2.28388, 0.10692],
[7.5136, -4.58724, 2.1551, 0.1122],
[7.74459, -4.5182, 2.04235, 0.11804],
[7.96972, -4.43074, 1.94416, 0.12423],
[8.18708, -4.32282, 1.85726, 0.13066],
[8.39373, -4.1927, 1.85726, 0.13149],
[8.58596, -4.03905, 1.85726, 0.1325],
[8.75944, -3.86095, 1.87529, 0.13258],
[8.91182, -3.66004, 2.05832, 0.12251],
[9.04475, -3.44074, 2.18605, 0.11731],
[9.15881, -3.20521, 2.3395, 0.11186],
[9.25491, -2.9554, 2.52948, 0.10581],
[9.33429, -2.69317, 2.77468, 0.09874],
[9.39862, -2.42038, 3.10425, 0.09029],
[9.45005, -2.13888, 3.58607, 0.0798],
[9.49123, -1.85052, 4.0, 0.07282],
[9.52529, -1.55695, 4.0, 0.07388],
[9.55576, -1.25991, 4.0, 0.07465],
[9.58648, -0.96101, 4.0, 0.07512],
[9.61744, -0.66213, 4.0, 0.07512],
[9.64869, -0.36328, 4.0, 0.07512],
[9.68023, -0.06445, 4.0, 0.07512],
[9.71204, 0.23437, 4.0, 0.07513],
[9.74407, 0.53317, 4.0, 0.07513],
[9.77639, 0.83196, 4.0, 0.07513],
[9.80904, 1.13073, 4.0, 0.07514],
[9.84104, 1.42964, 4.0, 0.07515],
[9.87177, 1.72867, 4.0, 0.07515],
[9.90061, 2.02788, 4.0, 0.07515],
[9.92694, 2.32731, 4.0, 0.07515],
[9.95016, 2.627, 4.0, 0.07515],
[9.96963, 2.92695, 3.9749, 0.07562],
[9.98339, 3.22717, 3.61061, 0.08324],
[9.98934, 3.52719, 3.32977, 0.09012],
[9.98547, 3.82598, 3.1057, 0.09621],
[9.9699, 4.12212, 2.92109, 0.10152],
[9.94104, 4.41402, 2.76542, 0.10607],
[9.89755, 4.70004, 2.63219, 0.10991],
[9.83844, 4.97857, 2.51327, 0.11329],
[9.76296, 5.24808, 2.4087, 0.11619],
[9.67064, 5.50708, 2.3148, 0.11879],
[9.56116, 5.75414, 2.22838, 0.12127],
[9.43436, 5.98782, 2.14779, 0.12379],
[9.29018, 6.20668, 2.07353, 0.12639],
[9.12866, 6.40915, 2.00429, 0.12923],
[8.94985, 6.59347, 2.00429, 0.12813],
[8.75391, 6.75762, 2.00429, 0.12753],
[8.54117, 6.89919, 2.04465, 0.12498],
[8.31372, 7.0179, 2.07781, 0.12348],
[8.07337, 7.11325, 2.10971, 0.12257],
[7.82182, 7.18463, 2.14196, 0.12207],
[7.56084, 7.23133, 2.17406, 0.12195],
[7.29231, 7.25262, 2.2074, 0.12203],
[7.01837, 7.24784, 2.24189, 0.12221],
[6.74143, 7.2165, 2.27771, 0.12237],
[6.46417, 7.15842, 2.31496, 0.12236],
[6.18955, 7.07385, 2.35254, 0.12215],
[5.92054, 6.96352, 2.39202, 0.12155],
[5.65997, 6.82866, 2.43134, 0.12067],
[5.41026, 6.67075, 2.46904, 0.11966],
[5.17335, 6.49137, 2.50821, 0.11847],
[4.9508, 6.29218, 2.54539, 0.11734],
[4.74406, 6.07497, 2.58297, 0.11609],
[4.55451, 5.84191, 2.61824, 0.11474],
[4.38331, 5.59536, 2.56644, 0.11695],
[4.23087, 5.33703, 2.35766, 0.12722],
[4.098, 5.0681, 2.19123, 0.13689],
[3.9867, 4.78943, 2.05505, 0.14602],
[3.90205, 4.50216, 1.94042, 0.15434],
[3.8493, 4.21088, 1.84302, 0.16062],
[3.83221, 3.92314, 1.75868, 0.1639],
[3.85179, 3.64687, 1.68346, 0.16452],
[3.90653, 3.3885, 1.61624, 0.16341],
[3.99347, 3.15264, 1.55529, 0.16162],
[4.10919, 2.94252, 1.49945, 0.15998],
[4.25026, 2.76051, 1.44732, 0.15911],
[4.41352, 2.60872, 1.39918, 0.15933],
[4.59607, 2.48938, 1.39918, 0.15587],
[4.79512, 2.40537, 1.39918, 0.15441],
[5.00769, 2.36064, 1.42942, 0.15196],
[5.22927, 2.35594, 1.67494, 0.13233],
[5.45508, 2.38258, 1.76974, 0.12848],
[5.68295, 2.43964, 1.8799, 0.12496],
[5.9109, 2.52613, 2.00943, 0.12133],
[6.13703, 2.64082, 1.49831, 0.16922],
[6.33009, 2.76144, 1.22696, 0.18553],
[6.52495, 2.86054, 1.06299, 0.20566],
[6.72182, 2.92282, 1.06299, 0.19425],
[6.91873, 2.93733, 1.06299, 0.18574],
[7.10995, 2.89269, 1.18036, 0.16636],
[7.29053, 2.79904, 1.24797, 0.163],
[7.4547, 2.65718, 1.3278, 0.16341],
[7.59488, 2.46698, 1.42365, 0.16597],
[7.70135, 2.23048, 1.54311, 0.16808],
[7.7644, 1.95645, 1.69738, 0.16566],
[7.77997, 1.66174, 1.90733, 0.15473],
[7.75333, 1.36305, 2.08344, 0.14394],
[7.69114, 1.06941, 2.11506, 0.14191],
[7.59606, 0.78682, 2.14613, 0.13893],
[7.47173, 0.51997, 2.17763, 0.13519],
[7.32199, 0.2717, 2.20942, 0.13122],
[7.15023, 0.04334, 2.24035, 0.12754],
[6.95927, -0.16459, 2.26078, 0.12488],
[6.75124, -0.35175, 2.27929, 0.12277],
[6.52787, -0.51791, 2.29565, 0.12127],
[6.29057, -0.66279, 2.31184, 0.12026],
[6.04056, -0.78602, 2.32331, 0.11997],
[5.77889, -0.88697, 2.33461, 0.12013],
[5.50684, -0.96481, 2.34424, 0.12071],
[5.22644, -1.01847, 2.3498, 0.12149],
[4.94109, -1.04691, 2.34843, 0.12211],
[4.65524, -1.04964, 2.34488, 0.12191],
[4.37323, -1.02714, 2.34043, 0.12088],
[4.09831, -0.98056, 2.33512, 0.11941],
[3.83265, -0.91131, 2.32959, 0.11785],
[3.57758, -0.82074, 2.31941, 0.1167],
[3.33403, -0.71003, 2.30665, 0.11598],
[3.10272, -0.58012, 2.2578, 0.1175],
[2.88437, -0.43174, 2.2578, 0.11693],
[2.67981, -0.26537, 2.2578, 0.11678],
[2.4905, -0.08088, 2.36763, 0.11165],
[2.31589, 0.11966, 2.49389, 0.10662],
[2.15533, 0.3344, 2.64127, 0.10152],
[2.00799, 0.56169, 2.81574, 0.0962],
[1.87292, 0.8, 3.02842, 0.09045],
[1.749, 1.04787, 3.29591, 0.08408],
[1.63494, 1.30383, 3.64917, 0.07679],
[1.52927, 1.56645, 4.0, 0.07077],
[1.43034, 1.83425, 2.59769, 0.1099],
[1.33634, 2.10576, 1.86109, 0.15438],
[1.24858, 2.36961, 1.526, 0.18221],
[1.14703, 2.61598, 1.32389, 0.20129],
[1.02392, 2.83118, 1.18497, 0.20922],
[0.87786, 3.00576, 1.08128, 0.21051],
[0.71182, 3.134, 1.0, 0.20979],
[0.53084, 3.21183, 1.0, 0.19701],
[0.34123, 3.23428, 1.0, 0.19094],
[0.15236, 3.19276, 1.17817, 0.16413],
[-0.02824, 3.10248, 1.27194, 0.15874],
[-0.19506, 2.96547, 1.39124, 0.15517],
[-0.34264, 2.78352, 1.55111, 0.15103],
[-0.46613, 2.56021, 1.78133, 0.14325],
[-0.56316, 2.30265, 2.15821, 0.12753],
[-0.63644, 2.02164, 2.94866, 0.09849],
[-0.69471, 1.72888, 4.0, 0.07463],
[-0.75103, 1.43359, 4.0, 0.07515],
[-0.80845, 1.13853, 3.99188, 0.0753],
[-0.86772, 0.84385, 3.30892, 0.09084],
[-0.9321, 0.55086, 2.8854, 0.10396],
[-1.00534, 0.26255, 2.59074, 0.11482],
[-1.09058, -0.01751, 2.37015, 0.12351],
[-1.19024, -0.28581, 2.1966, 0.1303],
[-1.30597, -0.53914, 2.0546, 0.13556],
[-1.43865, -0.77463, 1.9355, 0.13965],
[-1.58851, -0.98965, 1.83263, 0.14301],
[-1.75518, -1.18175, 1.74367, 0.14586],
[-1.93776, -1.34852, 1.72078, 0.1437],
[-2.1348, -1.48746, 1.67742, 0.14373],
[-2.34419, -1.59601, 1.63715, 0.14406],
[-2.56265, -1.67364, 1.59888, 0.14501],
[-2.78704, -1.71901, 1.56295, 0.14647],
[-3.01379, -1.73084, 1.52875, 0.14852],
[-3.23882, -1.70791, 1.49444, 0.15136],
[-3.45746, -1.64925, 1.46091, 0.15495],
[-3.66431, -1.55426, 1.46091, 0.15581],
[-3.85315, -1.42279, 1.46091, 0.15751],
[-4.01682, -1.25536, 1.48066, 0.15813],
[-4.14964, -1.05549, 1.80355, 0.13306],
[-4.25815, -0.8349, 1.93174, 0.12726],
[-4.34285, -0.59647, 2.09129, 0.12099],
[-4.4048, -0.34281, 2.29714, 0.11367],
[-4.44572, -0.07638, 2.57653, 0.10462],
[-4.4682, 0.20042, 2.98944, 0.0929],
[-4.47576, 0.48524, 3.68851, 0.07724],
[-4.47283, 0.77566, 4.0, 0.07261],
[-4.46444, 1.07449, 4.0, 0.07474],
[-4.45847, 1.37338, 4.0, 0.07474],
[-4.4567, 1.67236, 3.67303, 0.0814],
[-4.46092, 1.97144, 3.09549, 0.09663],
[-4.47293, 2.27058, 2.72407, 0.1099],
[-4.49647, 2.56941, 2.46033, 0.12184],
[-4.53607, 2.86602, 2.25961, 0.13243],
[-4.5956, 3.15638, 2.09983, 0.14115],
[-4.67774, 3.43544, 1.969, 0.14774],
[-4.78371, 3.69799, 1.85989, 0.15223],
[-4.91334, 3.93924, 1.76494, 0.15517],
[-5.06528, 4.15514, 1.68274, 0.15689],
[-5.23736, 4.34245, 1.60936, 0.15805],
[-5.42697, 4.49852, 1.54379, 0.15908],
[-5.63119, 4.62111, 1.48294, 0.16062],
[-5.84688, 4.70804, 1.4278, 0.16287],
[-6.07063, 4.75696, 1.4278, 0.16041],
[-6.29842, 4.76496, 1.4278, 0.15964],
[-6.52501, 4.72851, 1.55465, 0.14763],
[-6.74593, 4.65398, 1.62886, 0.14314],
[-6.95773, 4.54384, 1.71448, 0.13924],
[-7.15752, 4.4005, 1.8122, 0.13568],
[-7.34277, 4.22642, 1.92751, 0.13188],
[-7.51148, 4.02442, 2.068, 0.12727],
[-7.66235, 3.79782, 2.24308, 0.12136],
[-7.79501, 3.55045, 2.47136, 0.11358],
[-7.91022, 3.28652, 2.78697, 0.10333],
[-8.01002, 3.01033, 3.26281, 0.09],
[-8.09758, 2.72595, 4.0, 0.07439],
[-8.17694, 2.4369, 4.0, 0.07494],
[-8.25276, 2.14598, 4.0, 0.07516],
[-8.32872, 1.85509, 4.0, 0.07516],
[-8.40478, 1.56423, 4.0, 0.07516],
[-8.48079, 1.27336, 4.0, 0.07516],
[-8.55659, 0.98243, 4.0, 0.07516],
[-8.63246, 0.69152, 4.0, 0.07516],
[-8.7081, 0.40054, 4.0, 0.07516],
[-8.78355, 0.10952, 4.0, 0.07516],
[-8.85916, -0.18145, 4.0, 0.07516],
[-8.93493, -0.47239, 4.0, 0.07516],
[-9.01086, -0.76329, 4.0, 0.07516],
[-9.08665, -1.05422, 4.0, 0.07516],
[-9.16253, -1.34512, 4.0, 0.07516],
[-9.23834, -1.63605, 4.0, 0.07516],
[-9.31414, -1.92698, 4.0, 0.07516],
[-9.39021, -2.21784, 4.0, 0.07516],
[-9.46645, -2.50865, 4.0, 0.07516],
[-9.54296, -2.79939, 4.0, 0.07516],
[-9.61975, -3.09005, 4.0, 0.07516],
[-9.6949, -3.38107, 3.46606, 0.08672],
[-9.76471, -3.67312, 3.04907, 0.09848],
[-9.82537, -3.96643, 2.75284, 0.1088],
[-9.8731, -4.26054, 2.52797, 0.11786],
[-9.90424, -4.55417, 2.34948, 0.12568],
[-9.91548, -4.84526, 2.20188, 0.1323],
[-9.90416, -5.13104, 2.07883, 0.13758],
[-9.86838, -5.40828, 1.97293, 0.14169],
[-9.80714, -5.6735, 1.88043, 0.14475],
[-9.72036, -5.92323, 1.79877, 0.14697],
[-9.60872, -6.15412, 1.72658, 0.14854],
[-9.47355, -6.36308, 1.65919, 0.14999],
[-9.31668, -6.54723, 1.59897, 0.15129],
[-9.14031, -6.7039, 1.54307, 0.15288],
[-8.94692, -6.83042, 1.49107, 0.15499],
[-8.73933, -6.92407, 1.4421, 0.15792],
[-8.52076, -6.98189, 1.39693, 0.16184],
[-8.29506, -7.00047, 1.39693, 0.16212],
[-8.06714, -6.97579, 1.39693, 0.16411],
[-7.84388, -6.90327, 1.61649, 0.14522],
[-7.62915, -6.79368, 1.86885, 0.129],
[-7.42353, -6.65506, 2.28587, 0.10849],
[-7.22535, -6.49597, 3.21102, 0.07914],
[-7.03138, -6.32605, 4.0, 0.06447],
[-6.82746, -6.14916, 3.56273, 0.07577],
[-6.62098, -5.97563, 3.13685, 0.08598],
[-6.41028, -5.80774, 2.83237, 0.09512],
[-6.19379, -5.64788, 2.5987, 0.10356],
[-5.97007, -5.49851, 2.5987, 0.10351],
[-5.73782, -5.36225, 2.5987, 0.10362],
[-5.49582, -5.24192, 2.86149, 0.09445],
[-5.24592, -5.13506, 2.98147, 0.09116],
[-4.98871, -5.04089, 3.1131, 0.08798],
[-4.72474, -4.95873, 3.26051, 0.08479],
[-4.45448, -4.88784, 3.43067, 0.08144],
[-4.17843, -4.82752, 3.62708, 0.0779],
[-3.89706, -4.77697, 3.85917, 0.07408],
[-3.61088, -4.73538, 4.0, 0.0723],
[-3.32041, -4.70184, 4.0, 0.0731],
[-3.02624, -4.67538, 4.0, 0.07384],
[-2.72906, -4.65493, 4.0, 0.07447]]